-0.000970461
0.00994157
0.00322622
-5.77755e-005
0.00298925
0.000187561
0.000577755
-0.00125097
-0.00402251
-0.00235121
-0.00557073
-0.000705029
-0.00245839
-0.00167884
-0.00104749
-0.00396809
0.000544262
-0.00123506
-0.00456929
-0.00337024
-0.00286533
-0.00423017
0.00147034
-0.0059065
-0.00212765
-0.00437503
-0.00312909
-0.00341797
-0.00518807
-0.00273889
-0.00102489
-0.000891752
-0.00643653
-0.00376294
-0.00383077
0.000602875
-0.00361641
-0.00438256
-0.0042913
-0.0108961
0.2884
1.01048
1.0093
1.02255
1.01863
1.01499
1.01803
1.0164
1.01506
1.01608
1.0189
1.01207
1.01533
1.01283
1.01558
1.01249
1.013
1.01571
1.01127
1.01283
1.01314
1.01561
1.0138
1.01427
1.01439
1.01383
1.01411
1.01202
1.01338
1.01053
1.01412
1.01346
1.01317
1.01389
1.01465
1.01439
1.01078
1.01394
1.01467
1.01376
1.01042
1.01366
1.01027
1.01321
1.01547
1.01229
1.01253
1.01243
1.01026
1.01403
1.0126
1.01096
1.01071
1.01086
1.01123
1.01026
1.01056
1.00863
1.00915
1.01079
1.01048
1.00977
1.01009
1.00923
1.0081
1.00854
1.01114
1.00887
1.01015
1.00872
1.00857
1.0085
1.00974
1.00644
1.01153
1.00892
1.00973
1.00645
1.00608
1.00967
1.01015
1.00829
1.0107
1.00998
1.00843
1.00892
1.00862
1.01134
1.01096
1.00768
1.00717
1.00806
1.01094
1.00974
1.01016
1.00914
1.00974
1.01133
1.01352
1.01331
1.01133
1.00521
0.887392
0.727214
0.735966
0.724764
0.728899
0.72988
0.73616
0.730021
0.735356
0.73372
0.736388
0.733074
0.735861
0.732197
0.734197
0.734141
0.740142
0.730943
0.735953
0.734768
0.733806
0.732767
0.732087
0.732936
0.7347
0.733291
0.734209
0.732267
0.734836
0.733015
0.731455
0.734179
0.730648
0.73354
0.733259
0.737454
0.731462
0.735743
0.735191
0.732889
0.732551
0.73209
0.735219
0.735814
0.729041
0.733643
0.732482
0.732474
0.732875
0.732897
0.733297
0.73671
0.701851
0.558427
0.560711
0.559832
0.557292
0.557488
0.561983
0.558857
0.557935
0.55659
0.558639
0.555126
0.557179
0.561672
0.55919
0.557852
0.557382
0.559073
0.561477
0.55756
0.55713
0.559507
0.559595
0.556252
0.557308
0.559263
0.557373
0.556187
0.556686
0.557215
0.56035
0.558192
0.55703
0.557141
0.557746
0.556973
0.557991
0.558782
0.558373
0.557092
0.558496
0.5601
0.554845
0.558535
0.558767
0.559291
0.558671
0.558487
0.560383
0.559574
0.559868
0.556877
0.560472
0.560856
0.559616
0.555642
0.557441
0.55694
0.559976
0.557646
0.557432
0.56026
0.555707
0.558279
0.557343
0.556596
0.558282
0.55883
0.557801
0.55794
0.555517
0.558409
0.557901
0.560706
0.560702
0.555969
0.556453
0.559124
0.555473
0.55922
0.558062
0.558407
0.557202
0.556131
0.557235
0.556683
0.558051
0.553643
0.554338
0.556331
0.555918
0.555168
0.557959
0.554847
0.557588
0.557263
0.554668
0.557266
0.559243
0.555828
0.55707
0.554461
0.556578
0.556204
0.559199
0.557173
0.556532
0.555634
0.557026
0.556453
0.557651
0.555423
0.554917
0.556294
0.55736
0.555577
0.557601
0.555942
0.554987
0.557677
0.556823
0.550518
0.556013
0.555556
0.554124
0.55565
0.554446
0.557021
0.534759
0.519112
0.519647
0.518717
0.517882
0.517713
0.519969
0.518564
0.51551
0.516605
0.519286
0.516002
0.518806
0.517771
0.5153
0.515944
0.517703
0.516675
0.515754
0.51699
0.514739
0.517774
0.517442
0.517327
0.518328
0.516389
0.519633
0.516809
0.515599
0.514892
0.5169
0.517745
0.513501
0.495352
0.429731
0.427123
0.430185
0.428656
0.431354
0.42625
0.428841
0.43312
0.432671
0.429282
0.430957
0.387237
0.386394
0.387105
0.387403
0.388731
0.388271
0.369916
0.347595
0.344468
0.344805
0.339647
0.341384
0.344539
0.347677
0.344272
0.341555
0.344453
0.346077
0.342867
0.34262
0.34192
0.342678
0.3428
0.3439
0.344494
0.34398
0.344008
0.34233
0.344166
0.346138
0.341954
0.34377
0.343322
0.340224
0.342829
0.345065
0.341951
0.341675
0.343095
0.34298
0.342963
0.342708
0.344434
0.343797
0.344679
0.344526
0.343994
0.342158
0.340805
0.343526
0.344372
0.344851
0.34507
0.343162
0.341555
0.344592
0.342856
0.343449
0.343842
0.345814
0.342754
0.344181
0.342611
0.344437
0.341811
0.343078
0.300414
0.300328
0.29736
0.301142
0.300971
0.300541
0.297043
0.295767
0.296851
0.295548
0.294999
0.294952
0.29684
0.294102
0.296685
0.300334
0.299414
0.297985
0.296579
0.299881
0.296035
0.296703
0.299071
0.295822
0.300218
0.298453
0.298116
0.297482
0.298888
0.296911
0.298354
0.299765
0.299412
0.299827
0.300499
0.297484
0.300622
0.297489
0.299691
0.298101
0.259778
0.213512
0.215215
0.212626
0.212748
0.212549
0.212286
0.212843
0.212322
0.215335
0.212198
0.214197
0.214355
0.215278
0.214443
0.210027
0.211393
0.210788
0.211538
0.211667
0.213831
0.212024
0.211455
0.211241
0.213429
0.21434
0.211845
0.210667
0.208832
0.212553
0.212866
0.212529
0.215441
0.169423
0.166247
0.170015
0.165091
0.168756
0.168571
0.169221
0.167989
0.167007
0.165084
0.168298
0.171819
0.166841
0.168323
0.167903
0.168441
0.170257
0.165295
0.1682
0.17026
0.167063
0.165788
0.16502
0.166144
0.165205
0.168814
0.166986
0.170267
0.167591
0.170573
0.166303
0.168193
0.170456
0.169767
0.168641
0.168843
0.168649
0.164532
0.164417
0.16595
0.167467
0.167544
0.16861
0.16862
0.16657
0.16404
0.138526
0.123534
0.121456
0.123339
0.126236
0.124598
0.124443
0.122423
0.124102
0.123449
0.125153
0.123624
0.122904
0.123644
0.123083
0.123923
0.123712
0.124477
0.123535
0.123578
0.124237
0.121596
0.123089
0.124031
0.123906
0.122833
0.124268
0.124706
0.123826
0.124151
0.122565
0.122868
0.124529
0.122717
0.120846
0.121844
0.125059
0.123073
0.12418
0.124198
0.121354
0.123738
0.124028
0.126069
0.124108
0.124278
0.124219
0.123202
0.123707
0.122637
0.123862
0.123578
0.123696
0.123382
0.124355
0.124108
0.124752
0.123695
0.123296
0.126147
0.122467
0.123836
0.122832
0.12491
0.123161
0.12591
0.123386
0.120054
0.12311
0.09611
0.0568511
0.0450833
0.0440861
0.0450314
0.0450264
0.046027
0.0475819
0.0450063
0.0457255
0.0451319
0.0475727
0.0434756
0.0480014
0.0486085
0.0457339
0.0458679
0.0457775
0.0474153
0.0484343
0.0471071
0.044313
0.0458846
0.0462941
0.0425688
0.045584
0.0435535
0.0473868
0.0486662
0.0477669
0.0470142
0.045579
0.0429247
0.0460287
0.0455932
0.0437361
0.0433073
0.0461827
0.047319
0.0452298
0.044982
0.0446219
0.0440082
0.0494265
0.0469706
0.0427857
0.047494
0.046315
0.048235
0.0463401
0.0474689
0.044776
0.0465897
0.0452818
0.025134
-0.00511271
-0.0025103
-0.00111197
0.000864958
-0.00128697
0.00282514
-0.00257561
-0.00380313
-0.00526176
-0.00537145
0.0015524
-0.00181114
-0.00278495
-0.00283351
-0.00199284
-0.00324213
-0.00322371
-0.00361557
-0.00333088
0.00279499
0.00017835
0.00274057
-0.00223817
-0.00596427
-0.00308638
-0.00258483
-0.00421594
0.000696655
-0.00236042
-0.00165958
-0.00136065
-0.00247597
-0.00482551
-0.00246174
-0.00618616
-0.00391785
-0.00558162
-0.00518975
-0.00972889
-0.00313997
-0.00548197
-0.00492348
-0.00321031
-0.00260241
-0.00101735
-0.00659562
-0.000375959
-0.00426283
-0.00324045
-0.0034523
-0.00115886
-0.00289464
-0.00364823
-0.00598269
0.000202633
-0.00126436
-0.00230097
0.00145025
-0.00158924
-0.0021042
-0.00615853
-0.00381569
0.000117226
-0.000893427
-0.00407359
-0.00514704
-0.0015457
0.000549286
-0.000197609
-0.00313997
-0.00465386
-0.00135647
-0.00214104
-0.00207741
-0.00393041
5.69382e-005
-0.00438424
-0.00484226
-0.00108685
-0.00338196
-0.00280086
-0.00159343
-0.00223147
-0.00590817
-0.00286617
-0.00627492
-0.00408699
-0.00317012
-0.00173745
-0.00280672
-0.00333758
-0.00366749
-0.00148039
-0.00635698
-0.00720687
-0.00293232
-0.00445039
-0.00411043
-0.00172405
-0.00319021
-0.00130874
0.00105336
-0.00471331
-0.00138326
0.000464716
0.000129786
-0.000997255
-0.000542587
-0.00413472
-0.000549286
-0.000818068
-0.00229092
-0.00228925
-0.00217537
-0.00177681
0.000725962
0.000160767
-0.00298004
-0.00156161
0.000993906
-0.00458185
0.000823929
-0.0013841
-0.00132632
0.00122417
-0.000582779
-0.00344643
-0.00292143
-0.0010274
-0.00172824
0.000339117
0.00318351
-0.000171652
-0.00111867
-0.00218877
3.51677e-005
0.00117812
-0.00169475
-0.00489333
-0.000411127
-0.00158087
-0.00212513
0.00015658
-0.000230265
0.0018798
0.00179439
-0.00237466
0.00279667
0.00100982
-0.0012451
-0.00104498
-0.00194343
0.00200791
-0.0010969
-0.00307215
0.0012652
0.000366749
0.000416988
-0.00132716
-0.000629669
0.000180862
-0.00419668
-0.00158255
-0.00344643
-0.00421008
-0.000307299
-0.00195683
-0.00100563
0.000336605
-0.000378471
-0.00221389
3.8517e-005
0.000230265
-0.00357455
-0.00118984
-0.000841513
-0.00336773
-0.00271461
-0.00279165
0.000136484
-0.000422012
-0.00317347
0.000974648
-0.00137321
-0.00100647
0.000908499
-0.00291892
-0.00340624
-0.000862446
2.34451e-005
0.000442108
-0.000316509
-0.000330744
-0.00283435
-0.000412802
0.000906824
-0.00178685
0.00351593
-0.00199032
-0.00333758
0.00183123
-0.00081723
0.000796297
0.000779551
-0.000587803
-0.00267023
-0.00299428
0.000920221
-0.00149881
-0.00311737
0.00174582
-0.00297334
-0.000905987
-0.001503
0.00273052
-0.000138996
-0.00160515
-0.00181616
-0.000230265
-0.000970461
-0.00316509
0.00129367
-0.00210671
-0.000866633
0.00195432
0.00115467
-0.00357538
-0.00215611
-0.00339452
-0.00144941
0.00170061
-0.00205982
-7.61967e-005
0.000483137
-0.00041029
0.0013908
0.000773689
4.60529e-005
0.00147704
0.00020682
0.00140587
-0.00236042
-0.000667349
-0.000614597