0
0.0304704
0.0629012
0.105684
0.161995
0.160478
0.190942
0.300374
0.348892
0.370062
0.34493
0.557294
0.63409
0.55116
0.582028
0.415978
0.736783
0.445593
0.572257
0.617698
0.926587
0.783032
1.01359
0.82384
1.0114
0.680827
1.10601
0.940788
0.657768
1.12902
1.25496
0.71773
1.23201
1.17503
0.732825
0.842304
0.691158
0.940882
1.15295
1.16006
1.21426
0.699045
1.13047
0.784501
1.12619
1.23141
0.823199
1.03507
1.03956
0.901627
1.15888
0.924608
1.25882
0.911655
1.0043
0.930069
0.993188
1.06026
0.73433
1.13123
1.13259
1.05842
0.618648
1.13446
0.754536
0.599247
0.688126
0.568561
0.86574
0.911212
0.717455
0.74743
0.699208
0.711057
0.754227
0.784511
0.638012
0.764917
0.498973
0.499858
0.40423
0.364624
0.578638
0.537264
0.549123
0.504858
0.283948
0.393732
0.245349
0.202752
0.186283
0.203407
0.245784
0.191623
0.127256
0.159099
0.166794
0.113028
0.0817389
0.0903089
0.0521333
0.0342028
0.00710688
-0.0148989
-0.0324422
-0.0426286
-0.0707465
-0.107005
-0.14681
-0.153135
-0.145701
-0.208046
-0.139438
-0.247922
-0.147963
-0.302885
-0.278007
-0.317776
-0.212979
-0.315196
-0.390817
-0.37891
-0.30318
-0.447156
-0.447987
-0.354103
-0.2931
-0.368524
-0.392045
-0.279269
-0.444563
-0.504691
-0.338708
-0.443683
-0.560214
-0.391082
-0.587115
-0.423752
-0.594609
-0.593243
-0.417899
-0.481424
-0.536877
-0.623699
-0.560692
-0.556198
-0.346363
-0.58814
-0.371944
-0.321992
-0.44637
-0.40585
-0.42903
-0.438712
-0.349387
-0.420185
-0.391792
-0.304577
-0.365372
-0.30214
-0.351036
-0.432328
-0.417155
-0.516978
-0.47878
-0.280647
-0.291058
-0.394145
-0.334411
-0.354874
-0.377705
-0.367626
-0.24166
-0.399584
-0.299395
-0.328111
-0.238726
-0.366692
-0.220045
-0.217693
-0.19344
-0.192871
-0.317659
-0.256197
-0.263168
-0.226811
-0.174071
-0.215034
-0.212535
-0.188214
-0.169346
-0.129004
-0.141323
-0.114046
-0.133337
-0.117737
-0.0755864
-0.0546505
-0.0726221
-0.0582462
-0.05159
-0.0293988
-0.0232977
-0.0168975
-0.00843348
0.00221962
0.0107174
0.0223059
0.0321744
0.0479656
0.0374902
0.0490188
0.0441051
0.0490388
0.105288
0.117813
0.0774387
0.111026
0.143271
0.122695
0.128668
0.125975
0.132998
0.125174
0.119694
0.125726
0.112321
0.133531
0.178946
0.22353
0.169396
0.202512
0.169497
0.202243
0.180582
0.136305
0.171987
0.147991
0.19816
0.26704
0.268895
0.226593
0.264438
0.145016
0.242188
0.265819
0.163211
0.153334
0.146669
0.20131
0.26958
0.146312
0.276427
0.26985
0.23646
0.233973
0.151083
0.152174
0.138419
0.208533
0.2418
0.220811
0.203732
0.233743
0.221122
0.15797
0.155566
0.138575
0.177132
0.171818
0.126187
0.168617
0.203487
0.1079
0.189611
0.198977
0.100357
0.184342
0.0984133
0.092968
0.10298
0.106513
0.116228
0.127249
0.0851426
0.105224
0.111391
0.0986156
0.0827806
0.0804926
0.0937723
0.088253
0.0625426
0.049353
0.078956
0.0662453
0.0431126
0.0521039
0.0387646
0.0257827
0.0405829
0.0195785
0.0165486
0.0179364
0.0140884
0.00976271
0.00697314
0.000936297
-0.00442167
-0.00903161
-0.0136404
-0.0211069
-0.013796
-0.0202875
-0.0189737
-0.0228677
-0.0272831
-0.0290141
-0.0498538
-0.0594327
-0.0371141
-0.0557874
-0.0416581
-0.0625675
-0.0437743
-0.0539374
-0.063201
-0.0905542
-0.0651504
-0.0505654
-0.101103
-0.092824
-0.10061
-0.0777371
-0.105607
-0.0597995
-0.070992
-0.0850245
-0.120386
-0.0962012
-0.0981456
-0.0924396
-0.093095
-0.112945
-0.0841278
-0.092145
-0.0717909
-0.0745974
-0.111762
-0.0778419
-0.12495
-0.114234
-0.0858558
-0.0750826
-0.119648
-0.0942227
-0.103375
-0.127813
-0.0964583
-0.12087
-0.108908
-0.078875
-0.0900323
-0.0771887
-0.118424
-0.0606056
-0.113983
-0.11001
-0.0624639
-0.0850442
-0.0595303
-0.096621
-0.0985153
-0.0565139
-0.0947686
-0.0494924
-0.0576506
-0.068769
-0.0746593
-0.0852693
-0.0469579
-0.0650164
-0.0603117
-0.0640615
-0.0703904
-0.0620581
-0.0579509
-0.0594305
-0.0389203
-0.0527269
-0.0502554
-0.0415239
-0.037659
-0.0338457
-0.0240815
-0.0319589
-0.0293043
-0.0314325
-0.018615
-0.0151168
-0.0238187
-0.0132566
-0.0208011
-0.00995762
-0.00860617
-0.0119402
-0.00854557
-0.00428039
-0.00340333
-0.000991513
0.00099627
0.00256283
0.00329738
0.00844831
0.00816662
0.0127913
0.00987478
0.0136837
0.0162256
0.0211886
0.0152492
0.0260574
0.0151539
0.0219464
0.0174347
0.0193127
0.0281085
0.0302659
0.022375
0.0217674
0.0324916
0.0386072
0.0344973
0.0319779
0.0252471
0.0341532
0.048964
0.0392699
0.0495114
0.0520496
0.0279128
0.0359753
0.0350152
0.0490619
0.0318136
0.0518
0.0365619
0.0423389
0.0473328
0.0452432
0.0530152
0.051727
0.0542626
0.0523819
0.0452985
0.054595
0.0317208
0.0470215
0.0552993
0.0458216
0.0536713
0.0327485
0.0494112
0.0286709
0.0292358
0.0361837
0.0462695
0.0355257
0.0386287
0.033791
0.0293614
0.0291218
0.027858
0.0350229
0.0441253
0.0298953
0.0266362
0.0229665
0.0269834
0.0291193
0.0368941
0.0289128
0.0332904
0.0291903
0.0245938
0.0204229
0.0236756
0.0288974
0.0275153
0.0263997
0.017107
0.0216412
0.0222925
0.0234688
0.018492
0.0150391
0.0161252
0.0192644
0.017568
0.014817
0.0131154
0.00948415
0.00874234
0.00982953
0.008463
0.00619138
0.00382815
0.00440441
0.00414707
0.00225966
0.00133584
0.000985158
